Tg = 0.08;
Tt = 0.3;
Tl = 20;
Kl = 120;
R  = 2.4;
freq = 50;

Kc = 1.0326;
Ti = 1.2116;
Td = 0.324;
ee = 0.01;