R=5
C=1000e-6
V=15