
teta1=0.5
v1=0
teta2=-0
v2=0
