Vg=12;
Vo=20;
R=10;
L=120e-6;
C=1000e-6;
fs=20e3;
Ts=1/fs;
Tsim=Ts/100;
D=(Vo-Vg)/Vo;

%Kp=0.03;
%Ki=29.35;
%Kd=3.95e-5;