Vmax=220*sqrt(2);
f=50;
R=10;
L=20e-3;
alfa=60;