Vg=450;
R=10;
%L=10e-3;
f=50;
T=1/f;
D=50;